A=[1 2 3 4];
B=[3 4];
C=[5 6 3 4];
D={A,B,C}
D{1:2}