x=[34 54 65 87;
   54 76 76 87]
x(:,3)=[]
x(1,:)=[]
x